{
  "metadata": {
    "source": "Retrosheet play-by-play data",
    "seasons": "2019-2023",
    "description": "24-state run expectancy matrix with scoring probabilities and run distributions",
    "base_state_encoding": "3-digit string: 1st-2nd-3rd, 1=occupied 0=empty"
  },
  "re_matrix": {
    "000": [
      0.481,
      0.254,
      0.098
    ],
    "100": [
      0.859,
      0.509,
      0.224
    ],
    "010": [
      1.1,
      0.664,
      0.319
    ],
    "001": [
      1.343,
      0.95,
      0.353
    ],
    "110": [
      1.437,
      0.884,
      0.429
    ],
    "101": [
      1.798,
      1.124,
      0.478
    ],
    "011": [
      1.92,
      1.352,
      0.57
    ],
    "111": [
      2.282,
      1.52,
      0.736
    ]
  },
  "prob_at_least_one": {
    "000": [
      0.264,
      0.153,
      0.065
    ],
    "100": [
      0.421,
      0.27,
      0.13
    ],
    "010": [
      0.601,
      0.413,
      0.218
    ],
    "001": [
      0.833,
      0.65,
      0.265
    ],
    "110": [
      0.609,
      0.429,
      0.228
    ],
    "101": [
      0.853,
      0.67,
      0.29
    ],
    "011": [
      0.867,
      0.688,
      0.32
    ],
    "111": [
      0.873,
      0.695,
      0.353
    ]
  },
  "run_distribution": {
    "000": [
      [
        0.736,
        0.142,
        0.068,
        0.054
      ],
      [
        0.847,
        0.093,
        0.035,
        0.025
      ],
      [
        0.935,
        0.044,
        0.014,
        0.007
      ]
    ],
    "100": [
      [
        0.579,
        0.194,
        0.118,
        0.109
      ],
      [
        0.73,
        0.141,
        0.07,
        0.059
      ],
      [
        0.87,
        0.079,
        0.031,
        0.02
      ]
    ],
    "010": [
      [
        0.399,
        0.32,
        0.142,
        0.139
      ],
      [
        0.587,
        0.228,
        0.098,
        0.087
      ],
      [
        0.782,
        0.139,
        0.048,
        0.031
      ]
    ],
    "001": [
      [
        0.167,
        0.486,
        0.181,
        0.166
      ],
      [
        0.35,
        0.378,
        0.146,
        0.126
      ],
      [
        0.735,
        0.179,
        0.052,
        0.034
      ]
    ],
    "110": [
      [
        0.391,
        0.254,
        0.177,
        0.178
      ],
      [
        0.571,
        0.196,
        0.116,
        0.117
      ],
      [
        0.772,
        0.119,
        0.06,
        0.049
      ]
    ],
    "101": [
      [
        0.147,
        0.38,
        0.227,
        0.246
      ],
      [
        0.33,
        0.317,
        0.176,
        0.177
      ],
      [
        0.71,
        0.157,
        0.072,
        0.061
      ]
    ],
    "011": [
      [
        0.133,
        0.365,
        0.247,
        0.255
      ],
      [
        0.312,
        0.3,
        0.194,
        0.194
      ],
      [
        0.68,
        0.171,
        0.082,
        0.067
      ]
    ],
    "111": [
      [
        0.127,
        0.285,
        0.249,
        0.339
      ],
      [
        0.305,
        0.264,
        0.195,
        0.236
      ],
      [
        0.647,
        0.172,
        0.094,
        0.087
      ]
    ]
  }
}
